A[1]=0.394759182497127; b[1]=-0.569349946712098; c[1]=0.995099914587431
A[2]=0.489330473879595; b[2]=-0.478041893778879; c[2]=0.99223944266365
A[3]=0.488723867454795; b[3]=-0.493924462095599; c[3]=0.990780381202416
A[4]=0.470518198524889; b[4]=-0.498514249225907; c[4]=0.989866533095099
A[5]=0.487657793311418; b[5]=-0.486406942549492; c[5]=0.985778099776593
A[6]=0.478787693948745; b[6]=-0.495066572434655; c[6]=0.984903045392625
A[7]=0.487100061079595; b[7]=-0.404085493216399; c[7]=0.970144335840287
A[8]=0.479438956566949; b[8]=-0.466426886145202; c[8]=0.961563735530805
A[9]=0.465008905838078; b[9]=-0.4623075925328; c[9]=0.974010903928906
A[10]=0.459159734444526; b[10]=-0.519315339448376; c[10]=0.963356183011755
A[11]=0.454805914323652; b[11]=-0.529209676152257; c[11]=0.958539547673511
A[12]=0.450857039728959; b[12]=-0.5140716593059; c[12]=0.951292327351367
A[13]=0.443915442953616; b[13]=-0.535801495966359; c[13]=0.938681544114495
A[14]=0.438483820422453; b[14]=-0.520731865222445; c[14]=0.941515846326081
A[15]=0.427123306139156; b[15]=-0.511427536681939; c[15]=0.950254982301042
A[16]=0.420244995372739; b[16]=-0.538941158274282; c[16]=0.947683094450315
A[17]=0.41526664095969; b[17]=-0.544882127647638; c[17]=0.941255324258984
A[18]=0.404825327785624; b[18]=-0.535946928698122; c[18]=0.940526978629517
A[19]=0.403202053348699; b[19]=-0.553183988047587; c[19]=0.941956600877773
A[20]=0.395661058283512; b[20]=-0.567037686875712; c[20]=0.935129144320207
